0 2.21273e-05 0.0110231
1 0.0216669 0.0197559
2 1.66692 3.46979
3 0.795114 1.12677
4 0.979833 1.23861
5 1.91576 2.03543
6 2.12225 2.09594
7 1.9577 1.77892
8 1.8102 1.55804
9 1.50845 1.17937
10 1.43769 1.02698
11 1.8696 1.26654
12 2.31836 1.4081
13 1.54225 1.01268
14 1.38355 0.922838
15 0.974471 0.716145
16 0.920979 0.65017
17 0.537771 0.433961
18 0.705496 0.519732
19 0.658106 0.57205
20 0.758168 0.648085
21 0.765553 0.66342
22 0.963356 0.893187
23 1.31522 1.10737
24 1.06991 0.998636
25 1.25523 1.07389
26 1.03865 0.939129
27 1.12616 0.977079
28 1.06064 0.958919
29 1.22105 1.08985
30 1.35505 1.24541
31 1.61686 1.39175
32 1.75484 1.52655
33 1.96788 1.66975
34 2.13364 1.82943
35 2.15733 1.86759
36 2.25197 1.903
37 2.73294 2.1763
38 2.25172 1.88055
39 2.29147 1.93703
40 2.2146 1.88067
41 2.61438 2.20733
42 2.57312 2.12636
43 2.70051 2.23419
44 2.4908 2.02553
45 2.2628 1.86585
46 2.15649 1.7826
47 2.19969 1.82857
48 2.3415 1.97607
49 2.59423 2.17459
50 2.39634 2.00064
51 2.39797 2.00015
52 2.384 1.98552
53 2.33094 1.94629
54 2.35883 2.01568
55 2.5752 2.1536
56 2.57813 2.191
57 2.6281 2.19389
58 2.44327 2.07769
59 2.50234 2.09838
60 2.70749 2.28359
61 2.93324 2.45739
62 3.0624 2.57602
63 3.35258 2.75894
64 3.03899 2.47474
65 2.86462 2.35658
66 2.77778 2.29678
67 2.916 2.43318
68 2.95248 2.43279
69 2.9854 2.46325
70 3.04235 2.51915
71 2.72084 2.24665
72 2.84865 2.3403
73 2.73078 2.26217
74 2.57413 2.18749
75 2.6395 2.19156
76 2.39372 1.96179
77 2.29019 1.90041
78 2.38348 1.98749
79 2.46584 2.05653
80 2.39768 2.0178
81 2.43991 2.04831
82 2.6348 2.21843
83 2.77961 2.3622
84 3.14775 2.63991
85 3.20821 2.69549
86 3.31484 2.74238
87 3.46868 2.9181
88 3.58961 2.99262
89 3.75779 3.13437
90 3.64061 3.00607
91 3.44928 2.81117
92 3.41199 2.86162
93 3.5013 2.91008
94 3.42106 2.85858
95 3.56488 2.94957
96 3.66413 3.05026
97 3.99512 3.27704
98 3.78204 3.11325
99 3.75444 3.08348
100 3.69535 3.06391
101 3.85478 3.21031
102 4.07592 3.35711
103 3.92578 3.27513
104 4.09822 3.42942
105 4.20001 3.49136
106 4.29232 3.56079
107 4.37909 3.59645
108 4.07252 3.36454
109 4.01635 3.3529
110 4.08182 3.37105
111 3.92407 3.20064
112 3.91571 3.21615
113 3.74949 3.08028
114 3.71465 3.08775
115 3.96425 3.32273
116 4.09512 3.3689
117 4.11211 3.40825
118 4.20894 3.50365
119 4.25346 3.52565
120 4.34868 3.62607
121 4.52661 3.73769
122 4.4125 3.62977
123 4.33141 3.57672
124 4.21101 3.45831
125 4.16321 3.45126
126 4.31073 3.54444
127 4.35199 3.57074
128 4.28802 3.54819
129 4.34843 3.5744
130 4.30543 3.52347
131 4.17476 3.43143
132 4.17629 3.4513
133 4.32389 3.54201
134 4.31398 3.5333
135 4.05978 3.3248
136 3.98536 3.2935
137 4.03606 3.30748
138 4.11595 3.38792
139 4.16845 3.43027
140 4.35315 3.56117
141 4.26474 3.49086
142 4.09665 3.35133
143 4.0516 3.31696
144 4.1068 3.36596
145 4.11303 3.37139
146 4.22824 3.48921
147 4.25143 3.47807
148 4.23095 3.44235
149 4.20861 3.45148
150 4.32589 3.55455
151 4.3758 3.57346
152 4.39059 3.60532
153 4.3421 3.55793
154 4.27313 3.50145
155 4.39111 3.61138
156 4.44488 3.66517
157 4.47617 3.67444
158 4.52611 3.72294
159 4.4583 3.65131
160 4.49222 3.68011
161 4.55726 3.75019
162 4.5506 3.72827
163 4.57226 3.7436
164 4.58949 3.76374
165 4.6855 3.8576
166 4.88849 4.01173
167 4.84447 3.9779
168 4.83572 3.96246
169 4.72127 3.89966
170 4.78961 3.9335
171 4.85532 3.98848
172 4.88773 4.02891
173 4.96017 4.11996
174 5.17189 4.27698
175 5.11678 4.19025
176 4.93921 4.04357
177 4.80082 3.95782
178 4.7881 3.9119
179 4.68591 3.83701
180 4.67039 3.84795
181 4.70459 3.8198
182 4.58088 3.73647
183 4.52415 3.68748
184 4.47469 3.62407
185 4.4972 3.67815
186 4.59799 3.76086
187 4.67208 3.79105
188 4.61117 3.74174
189 4.5777 3.70491
190 4.55004 3.69477
191 4.60873 3.74382
192 4.66562 3.76545
193 4.49033 3.60274
194 4.39251 3.51749
195 4.29745 3.45429
196 4.3558 3.52661
197 4.54607 3.65533
198 4.55373 3.66528
199 4.57959 3.65995
200 4.5482 3.6326
201 4.50438 3.59287
202 4.48655 3.57039
203 4.4956 3.57814
204 4.41186 3.50929
205 4.46885 3.55684
206 4.51451 3.58827
207 4.39825 3.47382
208 4.20515 3.32227
209 4.0373 3.15144
210 3.7801 2.951
211 3.70507 2.88581
212 3.58491 2.79084
213 3.51902 2.73188
214 3.47051 2.70324
215 3.37088 2.5952
216 3.32067 2.5625
217 3.21984 2.47376
218 3.13946 2.39978
219 3.04597 2.30979
220 2.93967 2.21351
221 2.76151 2.06305
222 2.61659 1.94763
223 2.62905 1.96664
224 2.53906 1.89439
225 2.46112 1.82276
226 2.40243 1.75378
227 2.35973 1.73367
228 2.42067 1.77698
229 2.44365 1.79246
230 2.328 1.68843
231 2.24564 1.61728
232 2.15864 1.56781
233 2.07521 1.46577
234 1.89408 1.32438
235 1.7751 1.23051
236 1.68712 1.15308
237 1.58316 1.06356
238 1.54462 1.05567
239 1.58054 1.07591
240 1.6203 1.09295
241 1.54437 1.02545
242 1.46177 0.957044
243 1.3317 0.852273
244 1.28499 0.823412
245 1.30911 0.856414
246 1.2986 0.815481
247 1.22332 0.767889
248 1.17034 0.715333
249 1.174 0.719087
250 1.07445 0.629318
251 1.02014 0.60397
252 0.960097 0.534939
253 0.905093 0.502643
254 0.919364 0.50779
255 0.863468 0.466358
256 0.860481 0.471214
257 0.828316 0.440358
258 0.822247 0.436392
259 0.831959 0.430198
260 0.766789 0.389526
261 0.767576 0.403995
262 0.81001 0.423057
263 0.863357 0.471485
264 0.842674 0.439421
265 0.800633 0.408042
266 0.815292 0.424108
267 0.841032 0.44758
268 0.843948 0.430693
269 0.78544 0.386597
270 0.755449 0.374403
271 0.73613 0.351907
272 0.710318 0.326281
273 0.644094 0.280643
274 0.613442 0.258179
275 0.594124 0.241944
276 0.54981 0.209565
277 0.54745 0.204184
278 0.507674 0.182918
279 0.518741 0.182736
280 0.495185 0.170635
281 0.491346 0.16214
282 0.486473 0.152506
283 0.445764 0.13244
284 0.418075 0.115484
285 0.42777 0.125096
286 0.438292 0.127476
287 0.413134 0.111222
288 0.40555 0.104737
289 0.416608 0.113912
290 0.435058 0.129307
291 0.445436 0.128311
292 0.450225 0.137358
293 0.466442 0.145013
294 0.474761 0.151799
295 0.475489 0.150952
296 0.489304 0.157334
297 0.478774 0.151408
298 0.474545 0.143748
299 0.444212 0.11969
300 0.423463 0.111133
301 0.41287 0.104474
302 0.411394 0.102001
303 0.412865 0.105183
304 0.411434 0.100154
305 0.403175 0.0952804
306 0.404508 0.10001
307 0.430406 0.106994
308 0.400971 0.093694
309 0.397004 0.0914344
310 0.389639 0.08628
311 0.389512 0.0858571
312 0.394954 0.0888188
313 0.405084 0.0967787
314 0.430726 0.111957
315 0.446279 0.123478
316 0.463674 0.129377
317 0.478396 0.13939
318 0.468049 0.128001
319 0.450871 0.122468
320 0.472116 0.129859
321 0.444134 0.107508
322 0.416986 0.0957175
323 0.422225 0.0963605
324 0.413269 0.0904345
325 0.40343 0.0849387
326 0.396035 0.0782204
327 0.387579 0.0717853
328 0.37307 0.0653596
329 0.359825 0.0564081
330 0.341931 0.0429163
331 0.328729 0.0386134
332 0.32709 0.0385689
333 0.324713 0.0330949
334 0.30969 0.0273053
335 0.302747 0.0260214
336 0.307207 0.0298104
337 0.312727 0.0261651
338 0.295279 0.020911
339 0.295374 0.0225311
340 0.283759 0.0183508
341 0.287245 0.0190747
342 0.290077 0.0213557
343 0.306909 0.0243027
344 0.316579 0.027801
345 0.307054 0.0229264
346 0.302133 0.0211927
347 0.298998 0.02118
348 0.304023 0.0221846
349 0.314569 0.0254031
350 0.314403 0.0247727
351 0.316323 0.024917
352 0.317634 0.0265016
353 0.329328 0.0298701
354 0.335847 0.0347453
355 0.352148 0.0376619
356 0.340711 0.0340499
357 0.3473 0.0367464
358 0.357818 0.0414107
359 0.370575 0.0469773
360 0.380289 0.0509151
361 0.385693 0.054387
362 0.396933 0.0597607
363 0.411797 0.0647394
364 0.414608 0.065294
365 0.416034 0.0673493
366 0.430266 0.0734051
367 0.4372 0.0762086
368 0.441399 0.0779258
369 0.444401 0.0792079
370 0.448324 0.0789628
371 0.450821 0.0831772
372 0.464862 0.0894485
373 0.477485 0.0963516
374 0.486798 0.09779
375 0.485602 0.0969868
376 0.487933 0.0980677
377 0.488482 0.097351
378 0.498705 0.101304
379 0.50288 0.1043
380 0.508023 0.106726
381 0.517578 0.110516
382 0.528938 0.117869
383 0.542152 0.123136
384 0.54769 0.124956
385 0.541754 0.119009
386 0.546022 0.120347
387 0.551221 0.119501
388 0.543202 0.115607
389 0.543944 0.112933
390 0.549249 0.117629
391 0.553715 0.119818
392 0.561835 0.124036
393 0.573518 0.130458
394 0.576194 0.132159
395 0.587293 0.137121
396 0.596556 0.140405
397 0.603638 0.14376
398 0.606376 0.143923
399 0.60106 0.138996
400 0.598166 0.135345
401 0.588716 0.128652
402 0.590201 0.127424
403 0.590089 0.127877
404 0.592548 0.126682
405 0.592079 0.126221
406 0.59697 0.128303
407 0.60201 0.13047
408 0.60375 0.130464
409 0.600008 0.127633
410 0.594656 0.123702
411 0.593943 0.120931
412 0.591647 0.119889
413 0.591605 0.120362
414 0.592031 0.117912
415 0.594406 0.118149
416 0.588696 0.113438
417 0.589174 0.112849
418 0.583947 0.107883
419 0.581053 0.106561
420 0.577128 0.101908
421 0.576842 0.104397
422 0.583213 0.107271
423 0.591615 0.112723
424 0.595416 0.111288
425 0.584109 0.105778
426 0.589997 0.107166
427 0.584564 0.103019
428 0.577536 0.0974505
429 0.572996 0.0953207
430 0.570049 0.0939818
431 0.574511 0.0942998
432 0.580607 0.0961111
433 0.580729 0.0949544
434 0.577495 0.0934092
435 0.578829 0.0950549
436 0.579988 0.0923937
437 0.581749 0.0942653
438 0.587862 0.0961652
439 0.586896 0.0943769
440 0.582018 0.0900149
441 0.578879 0.0879543
442 0.57452 0.0843302
443 0.569429 0.0813735
444 0.567325 0.0782129
445 0.561372 0.0754453
446 0.566006 0.0776357
447 0.565903 0.0770032
448 0.566776 0.0751179
449 0.562653 0.0716711
450 0.56403 0.0741652
451 0.570318 0.0759774
452 0.571088 0.0749119
453 0.570408 0.0749379
454 0.579941 0.0789844
455 0.575791 0.0756868
456 0.576368 0.0741111
457 0.572799 0.0721996
458 0.576243 0.0743001
459 0.581318 0.0760711
460 0.58297 0.0755552
461 0.579153 0.0736618
462 0.581104 0.0740847
463 0.584491 0.0760608
464 0.578371 0.0693913
465 0.566392 0.0650622
466 0.567552 0.0654768
467 0.56952 0.0662003
468 0.575254 0.0695528
469 0.582351 0.0728137
470 0.58898 0.0770005
471 0.589489 0.0758077
472 0.588215 0.073775
473 0.581232 0.0701907
474 0.582037 0.0707925
475 0.584405 0.0729414
476 0.589736 0.0738509
477 0.58407 0.0719337
478 0.585792 0.0720337
479 0.585025 0.0716935
480 0.586058 0.0720542
481 0.589698 0.0754945
482 0.602267 0.0823326
483 0.608714 0.0870113
484 0.614178 0.0897382
485 0.619713 0.0943239
486 0.626211 0.0971464
487 0.629218 0.100628
488 0.635774 0.103632
489 0.639826 0.106707
490 0.646741 0.112555
491 0.657612 0.116418
492 0.656688 0.118317
493 0.661305 0.12121
494 0.667266 0.126349
495 0.678154 0.132918
496 0.687937 0.139674
497 0.695938 0.145001
498 0.702349 0.148736
499 0.702327 0.148103
500 0.697964 0.147164
501 0.703049 0.149895
502 0.708359 0.153023
503 0.712085 0.155703
504 0.713827 0.157972
505 0.719954 0.162118
506 0.7235 0.163493
507 0.719648 0.161404
508 0.717363 0.16145
509 0.721441 0.163873
510 0.724769 0.168172
511 0.737051 0.17626
512 0.742978 0.179812
513 0.751012 0.184616
514 0.755912 0.187939
515 0.763612 0.193016
516 0.769813 0.196263
517 0.771367 0.199151
518 0.781679 0.20424
519 0.784441 0.206635
520 0.787217 0.210143
521 0.795453 0.213336
522 0.797091 0.216273
523 0.805266 0.22166
524 0.817083 0.227732
525 0.820926 0.229758
526 0.823251 0.232263
527 0.828654 0.236045
528 0.833416 0.237285
529 0.83218 0.236209
530 0.83338 0.238862
531 0.842817 0.244143
532 0.846535 0.245511
533 0.853316 0.252282
534 0.873178 0.265053
535 0.89353 0.277546
536 0.918278 0.297662
537 0.962801 0.330989
538 1.01415 0.367935
539 1.07165 0.413711
540 1.14538 0.466872
541 1.22367 0.524975
542 1.29933 0.571562
543 1.32769 0.58247
544 1.30703 0.56132
545 1.25907 0.52689
546 1.22124 0.502497
547 1.20167 0.488092
548 1.18217 0.474397
549 1.16786 0.464749
550 1.15585 0.457397
551 1.14465 0.447679
552 1.12544 0.43549
553 1.11496 0.430944
554 1.11805 0.433507
555 1.12033 0.434893
556 1.12171 0.435643
557 1.12481 0.438099
558 1.12641 0.440649
559 1.13142 0.443092
560 1.1334 0.443937
561 1.13438 0.445202
562 1.13471 0.444251
563 1.13346 0.443212
564 1.12834 0.438876
565 1.12738 0.43679
566 1.11801 0.429908
567 1.1131 0.426897
568 1.11164 0.426149
569 1.11365 0.426674
570 1.10631 0.420924
571 1.10447 0.420053
572 1.10283 0.417225
573 1.0963 0.411948
574 1.09401 0.409324
575 1.08682 0.403722
576 1.08142 0.399177
577 1.08264 0.399234
578 1.08344 0.398073
579 1.0745 0.391155
580 1.06582 0.385704
581 1.06139 0.382674
582 1.05983 0.379722
583 1.04701 0.368813
584 1.03934 0.364573
585 1.03938 0.362948
586 1.03663 0.360491
587 1.02868 0.353279
588 1.01869 0.345104
589 1.01394 0.341104
590 1.00934 0.337361
591 1.00127 0.332416
592 1.00018 0.329798
593 0.993038 0.322701
594 0.985239 0.317741
595 0.984926 0.314961
596 0.98383 0.312972
597 0.982755 0.311743
598 0.978267 0.307592
599 0.971856 0.301255
600 0.96475 0.295137
601 0.96229 0.292731
602 0.956049 0.28877
603 0.955633 0.288171
604 0.956405 0.287576
605 0.948864 0.281742
606 0.946475 0.279234
607 0.948103 0.278679
608 0.948088 0.277741
609 0.946153 0.27539
610 0.938463 0.269896
611 0.93596 0.267068
612 0.937905 0.268081
613 0.944104 0.270338
614 0.94389 0.268327
615 0.938071 0.263955
616 0.935908 0.261121
617 0.928415 0.25399
618 0.921522 0.246769
619 0.908368 0.237919
620 0.902933 0.233197
621 0.902925 0.233314
622 0.902907 0.230992
623 0.902033 0.230391
624 0.901974 0.229579
625 0.898859 0.226735
626 0.899918 0.225722
627 0.895571 0.221886
628 0.888456 0.217505
629 0.886148 0.214313
630 0.890188 0.217646
631 0.898184 0.222967
632 0.910965 0.230918
633 0.918666 0.235181
634 0.920268 0.234539
635 0.923006 0.236611
636 0.929419 0.239054
637 0.934613 0.24408
638 0.93904 0.24531
639 0.942935 0.247969
640 0.950459 0.251518
641 0.955606 0.254207
642 0.957849 0.256369
643 0.966776 0.261253
644 0.972374 0.266054
645 0.982169 0.270772
646 0.99234 0.278941
647 1.00242 0.283523
648 1.00802 0.288403
649 1.01908 0.293911
650 1.02184 0.296429
651 1.02748 0.297768
652 1.03821 0.306185
653 1.04612 0.311591
654 1.05873 0.32008
655 1.07353 0.330951
656 1.08576 0.338577
657 1.0904 0.34183
658 1.09979 0.348142
659 1.11258 0.357753
660 1.12926 0.368716
661 1.14054 0.37612
662 1.15381 0.385735
663 1.16344 0.393005
664 1.17691 0.400483
665 1.18009 0.40367
666 1.19305 0.414441
667 1.2108 0.425997
668 1.22102 0.433589
669 1.23036 0.439214
670 1.24017 0.448693
671 1.2528 0.456891
672 1.26714 0.468456
673 1.28239 0.479163
674 1.29558 0.488714
675 1.30696 0.498272
676 1.33013 0.516229
677 1.345 0.527411
678 1.36118 0.541075
679 1.38653 0.558412
680 1.40142 0.570455
681 1.41469 0.580849
682 1.43222 0.594873
683 1.44905 0.606504
684 1.4617 0.617608
685 1.47948 0.631203
686 1.497 0.64589
687 1.5156 0.661423
688 1.53459 0.67651
689 1.55316 0.692123
690 1.57578 0.709722
691 1.59143 0.722371
692 1.6067 0.735211
693 1.6225 0.750033
694 1.64008 0.764503
695 1.65899 0.778997
696 1.67458 0.792765
697 1.69186 0.80692
698 1.70588 0.819154
699 1.71669 0.827536
700 1.72703 0.838275
701 1.74017 0.848913
702 1.74871 0.856147
703 1.75673 0.862814
704 1.76182 0.867995
705 1.76682 0.873268
706 1.77495 0.880771
707 1.7811 0.886324
708 1.78533 0.88991
709 1.78895 0.893939
710 1.79313 0.897494
711 1.79505 0.901016
712 1.79837 0.903546
713 1.79759 0.905249
714 1.79732 0.906178
715 1.79693 0.906546
716 1.79655 0.907355
717 1.79632 0.906221
718 1.79272 0.904967
719 1.79063 0.903798
720 1.78716 0.901355
721 1.78508 0.899511
722 1.77886 0.895681
723 1.77453 0.892369
724 1.76835 0.888497
725 1.76162 0.884133
726 1.7536 0.877833
727 1.74318 0.869883
728 1.73311 0.861949
729 1.72382 0.854783
730 1.71532 0.848457
731 1.70564 0.83978
732 1.6887 0.825847
733 1.66673 0.810078
734 1.64736 0.794791
735 1.61696 0.771117
736 1.58356 0.74699
737 1.54631 0.720359
738 1.50514 0.689711
739 1.46244 0.657255
740 1.41265 0.616687
741 1.33918 0.55821
742 1.24267 0.479406
743 1.11219 0.382169
744 0.978186 0.291403
745 0.869758 0.224436
746 0.800125 0.182324
747 0.747986 0.155232
748 0.721494 0.141859
749 0.709145 0.135482
750 0.695928 0.128163
751 0.689325 0.12478
752 0.685373 0.123608
753 0.684197 0.122663
754 0.680963 0.12102
755 0.679218 0.120362
756 0.67823 0.119937
757 0.675387 0.116749
758 0.674482 0.117936
759 0.678655 0.120446
760 0.680992 0.121084
761 0.681608 0.120999
762 0.6828 0.12096
763 0.680024 0.120498
764 0.678831 0.119137
765 0.680428 0.119364
766 0.678402 0.117426
767 0.671761 0.114932
768 0.671922 0.115349
769 0.673737 0.114801
770 0.673983 0.115794
771 0.675476 0.116913
772 0.678117 0.117223
773 0.677416 0.116591
774 0.678525 0.116688
775 0.676115 0.115552
776 0.678898 0.115739
777 0.676669 0.114268
778 0.67555 0.11372
779 0.677611 0.114301
780 0.674747 0.112376
781 0.677821 0.113938
782 0.677272 0.11282
783 0.678161 0.114573
784 0.682042 0.115732
785 0.680066 0.113732
786 0.679953 0.113479
787 0.679149 0.112494
788 0.675564 0.110315
789 0.674197 0.109764
790 0.676937 0.110466
791 0.676734 0.110763
792 0.676035 0.109148
793 0.673734 0.108132
794 0.673461 0.107461
795 0.672776 0.106642
796 0.670739 0.104435
797 0.665838 0.102278
798 0.663043 0.100263
799 0.662799 0.0993823
800 0.657275 0.095898
801 0.654261 0.0943614
802 0.653549 0.0944513
803 0.653542 0.0936073
804 0.65437 0.0940923
805 0.652738 0.092376
806 0.652239 0.092706
807 0.653674 0.0936074
808 0.654829 0.0937628
809 0.652338 0.0934905
810 0.651481 0.0915572
811 0.649992 0.0905946
812 0.650424 0.0908007
813 0.652484 0.0909408
814 0.651854 0.090648
815 0.65159 0.0906137
816 0.650586 0.0890029
817 0.649622 0.0899
818 0.651426 0.0897302
819 0.650857 0.0887727
820 0.649527 0.0885035
821 0.648389 0.0887387
822 0.650591 0.0883235
823 0.650431 0.0884719
824 0.651113 0.0879618
825 0.651382 0.0881901
826 0.651716 0.0884534
827 0.652629 0.0885371
828 0.653631 0.088481
829 0.656099 0.0884128
830 0.655017 0.0875136
831 0.655144 0.0878982
832 0.656508 0.0877433
833 0.656594 0.0878445
834 0.6568 0.087024
835 0.654363 0.0858875
836 0.655594 0.0863477
837 0.657493 0.0866858
838 0.655639 0.0862223
839 0.657219 0.0867538
840 0.659535 0.0872158
841 0.660929 0.0880205
842 0.662878 0.0890215
843 0.662425 0.0885694
844 0.663432 0.0882147
845 0.66503 0.0895661
846 0.667657 0.0901152
847 0.669094 0.090907
848 0.670785 0.091369
849 0.672078 0.0928158
850 0.677599 0.095017
851 0.679453 0.0958854
852 0.680464 0.0962719
853 0.681145 0.0960469
854 0.681705 0.096152
855 0.682061 0.096335
856 0.684487 0.0963987
857 0.683173 0.097261
858 0.686883 0.0975239
859 0.687039 0.0990577
860 0.689726 0.099507
861 0.689196 0.0995799
862 0.688973 0.0994253
863 0.68943 0.0998282
864 0.692865 0.101627
865 0.693699 0.101999
866 0.693694 0.102483
867 0.694039 0.102141
868 0.694235 0.102697
869 0.694704 0.102854
870 0.695932 0.104079
871 0.697523 0.105297
872 0.699423 0.106886
873 0.70223 0.107721
874 0.702487 0.1092
875 0.702734 0.108951
876 0.703623 0.109377
877 0.702617 0.109459
878 0.704289 0.110054
879 0.703726 0.109451
880 0.703515 0.108948
881 0.701785 0.108719
882 0.702437 0.110073
883 0.703319 0.110017
884 0.702618 0.110196
885 0.70245 0.110012
886 0.702003 0.110457
887 0.70261 0.111021
888 0.702763 0.110694
889 0.702956 0.112195
890 0.703566 0.112251
891 0.703398 0.112065
892 0.702905 0.112693
893 0.703217 0.11222
894 0.701552 0.112946
895 0.703757 0.113976
896 0.703408 0.113612
897 0.701202 0.113413
898 0.700411 0.112903
899 0.697338 0.111727
900 0.694961 0.110271
901 0.693381 0.109721
902 0.691458 0.109608
903 0.691644 0.110197
904 0.690097 0.110361
905 0.69162 0.110953
906 0.691833 0.110584
907 0.690752 0.111121
908 0.690927 0.10972
909 0.686174 0.108505
910 0.686001 0.109506
911 0.688009 0.110294
912 0.68852 0.109295
913 0.685945 0.109851
914 0.687413 0.109479
915 0.685343 0.109295
916 0.682159 0.107655
917 0.678907 0.10588
918 0.67559 0.104023
919 0.67251 0.103858
920 0.672924 0.103242
921 0.670853 0.102714
922 0.668204 0.101269
923 0.664973 0.100053
924 0.661218 0.0974958
925 0.653956 0.0954593
926 0.651245 0.0947728
927 0.649222 0.093579
928 0.645838 0.0924459
929 0.643189 0.0919364
930 0.641409 0.0908505
931 0.636898 0.0902676
932 0.633974 0.0889492
933 0.627981 0.0874024
934 0.623408 0.0877401
935 0.620666 0.087209
936 0.616861 0.0869346
937 0.612648 0.0877873
938 0.609039 0.0881542
939 0.606682 0.0888749
940 0.603283 0.0904961
941 0.601798 0.0923246
942 0.602018 0.0981609
943 0.608895 0.11324
944 0.624814 0.141492
945 0.648967 0.174582
946 0.672693 0.205043
947 0.695769 0.230629
948 0.70141 0.240036
949 0.704002 0.24049
950 0.705162 0.243454
951 0.706506 0.24443
952 0.715 0.252538
953 0.717707 0.258126
954 0.721451 0.261297
955 0.72656 0.266749
956 0.73437 0.274747
957 0.741212 0.282848
958 0.741888 0.285486
959 0.753762 0.295161
960 0.759595 0.303041
961 0.76124 0.305844
962 0.768073 0.311982
963 0.776428 0.320438
964 0.785526 0.330554
965 0.793627 0.338437
966 0.800619 0.344926
967 0.809514 0.353671
968 0.820535 0.365063
969 0.825081 0.370497
970 0.833224 0.379395
971 0.852367 0.397336
972 0.864109 0.409668
973 0.876637 0.421508
974 0.885273 0.430867
975 0.897888 0.442815
976 0.91429 0.458647
977 0.917347 0.464241
978 0.925865 0.47114
979 0.935591 0.48053
980 0.941971 0.487858
981 0.952516 0.497953
982 0.960852 0.504846
983 0.970929 0.513301
984 0.972133 0.514162
985 0.979438 0.522587
986 0.999284 0.539946
987 1.00519 0.547078
988 1.01071 0.552744
989 1.01979 0.560976
990 1.0329 0.5742
991 1.04994 0.588637
992 1.06514 0.605312
993 1.08023 0.6189
994 1.09344 0.629656
995 1.1066 0.640846
996 1.11794 0.652676
997 1.13272 0.665793
998 1.13477 0.669292
999 1.15391 0.685839
1000 1.16329 0.696067
1001 1.18148 0.711467
1002 1.18371 0.716789
1003 1.20167 0.73241
1004 1.20275 0.735042
1005 1.21391 0.743985
1006 1.22093 0.750878
1007 1.23014 0.761785
1008 1.23974 0.770482
1009 1.25158 0.780712
1010 1.26304 0.791365
1011 1.26838 0.79707
1012 1.2663 0.796385
1013 1.27885 0.809778
1014 1.29544 0.822024
1015 1.30729 0.8328
1016 1.30803 0.834683
1017 1.3172 0.84392
1018 1.31857 0.846773
1019 1.33619 0.861767
1020 1.34411 0.868918
1021 1.34317 0.867406
1022 1.34684 0.873085
1023 1.36027 0.880771
1024 1.35075 0.876171
1025 1.37048 0.890898
1026 1.36805 0.89086
1027 1.36687 0.887987
1028 1.36343 0.883695
1029 1.35795 0.880875
1030 1.36371 0.886401
1031 1.36766 0.887667
1032 1.35505 0.879906
1033 1.36715 0.887512
1034 1.37376 0.891496
1035 1.3689 0.888952
1036 1.37112 0.891841
1037 1.36401 0.886645
1038 1.35604 0.877648
1039 1.33537 0.862759
1040 1.33786 0.862278
1041 1.33943 0.863346
1042 1.33808 0.862578
1043 1.334 0.860245
1044 1.337 0.862197
1045 1.34958 0.871825
1046 1.34951 0.872996
1047 1.34516 0.868685
1048 1.33756 0.863442
1049 1.3346 0.860162
1050 1.33071 0.857335
1051 1.3373 0.862399
1052 1.33393 0.860693
1053 1.3362 0.861802
1054 1.3424 0.867822
1055 1.34324 0.869574
1056 1.35146 0.876024
1057 1.35038 0.875658
1058 1.35314 0.878604
1059 1.34617 0.871747
1060 1.33083 0.859061
1061 1.32615 0.854314
1062 1.31481 0.844393
1063 1.3031 0.835295
1064 1.31116 0.840853
1065 1.3131 0.843157
1066 1.31321 0.843361
1067 1.3074 0.838804
1068 1.29611 0.828597
1069 1.28098 0.81624
1070 1.27273 0.808869
1071 1.26724 0.805158
1072 1.25972 0.796963
1073 1.24847 0.788218
1074 1.24478 0.784393
1075 1.23236 0.77378
1076 1.21664 0.761126
1077 1.20655 0.751772
1078 1.19668 0.742885
1079 1.17899 0.728704
1080 1.17175 0.72299
1081 1.17674 0.725597
1082 1.17337 0.722913
1083 1.17125 0.723064
1084 1.17071 0.723165
1085 1.16266 0.716458
1086 1.15049 0.705218
1087 1.13916 0.696996
1088 1.144 0.699379
1089 1.13259 0.690819
1090 1.12756 0.686254
1091 1.12563 0.68353
1092 1.11753 0.675661
1093 1.10754 0.668076
1094 1.10256 0.664216
1095 1.0985 0.660866
1096 1.09623 0.657773
1097 1.09236 0.655236
1098 1.08732 0.651227
1099 1.08627 0.649736
1100 1.08706 0.649331
1101 1.08022 0.64495
1102 1.08267 0.645355
1103 1.06845 0.634524
1104 1.05854 0.625776
1105 1.04855 0.61786
1106 1.04668 0.615326
1107 1.03986 0.609586
1108 1.02908 0.601338
1109 1.02418 0.597499
1110 1.02054 0.594383
1111 1.01399 0.588631
1112 1.01059 0.585291
1113 1.00382 0.579883
1114 0.99479 0.571989
1115 0.98904 0.565919
1116 0.987141 0.563243
1117 0.981643 0.559656
1118 0.98243 0.55973
1119 0.972927 0.551697
1120 0.963797 0.543589
1121 0.957992 0.538328
1122 0.946679 0.529398
1123 0.94511 0.527802
1124 0.942394 0.526518
1125 0.943898 0.526536
1126 0.934521 0.518487
1127 0.935034 0.519866
1128 0.938237 0.523371
1129 0.942849 0.527175
1130 0.944227 0.528759
1131 0.946786 0.530559
1132 0.943208 0.528474
1133 0.944158 0.530006
1134 0.949882 0.535643
1135 0.960563 0.544922
1136 0.973083 0.556711
1137 0.980827 0.564457
1138 0.987319 0.570715
1139 0.998756 0.580849
1140 1.01559 0.597634
1141 1.03663 0.618056
1142 1.07132 0.649095
1143 1.1092 0.685449
1144 1.15595 0.725795
1145 1.19561 0.759762
1146 1.22956 0.788948
1147 1.25033 0.80902
1148 1.2759 0.828715
1149 1.27888 0.83057
1150 1.27359 0.826151
1151 1.27381 0.828039
1152 1.28094 0.833581
1153 1.28998 0.841491
1154 1.3003 0.849834
1155 1.29985 0.849773
1156 1.29869 0.84952
1157 1.30313 0.852312
1158 1.293 0.843345
1159 1.28933 0.840279
1160 1.28939 0.840579
1161 1.29181 0.842278
1162 1.29869 0.846583
1163 1.2948 0.843859
1164 1.29263 0.843341
1165 1.3029 0.851733
1166 1.31098 0.859149
1167 1.31284 0.862096
1168 1.32413 0.8719
1169 1.32676 0.872974
1170 1.32239 0.872662
1171 1.34161 0.887187
1172 1.34604 0.889519
1173 1.34633 0.891225
1174 1.35454 0.899246
1175 1.36913 0.909856
1176 1.37214 0.912977
1177 1.37325 0.914982
1178 1.38794 0.92616
1179 1.39176 0.930386
1180 1.39253 0.931561
1181 1.39966 0.937924
1182 1.41084 0.948754
1183 1.4149 0.953018
1184 1.42046 0.956957
1185 1.42558 0.96065
1186 1.43014 0.966205
1187 1.43944 0.97369
1188 1.45296 0.986112
1189 1.4564 0.988827
1190 1.46185 0.99413
1191 1.46769 0.998636
1192 1.4648 0.996896
1193 1.46005 0.993112
1194 1.46623 0.999534
1195 1.47424 1.00439
1196 1.47755 1.009
1197 1.49144 1.01956
1198 1.50001 1.02743
1199 1.50444 1.03202
1200 1.50845 1.03784
1201 1.52188 1.04808
1202 1.52818 1.05399
1203 1.52379 1.05194
1204 1.52977 1.05754
1205 1.53883 1.06664
1206 1.55338 1.07742
1207 1.55893 1.08425
1208 1.57013 1.09346
1209 1.57865 1.10107
1210 1.58655 1.10905
1211 1.59562 1.11753
1212 1.60365 1.12389
1213 1.60251 1.12486
1214 1.60296 1.12379
1215 1.60239 1.12454
1216 1.61372 1.13402
1217 1.62326 1.14139
1218 1.62491 1.14306
1219 1.63105 1.15025
1220 1.64674 1.16268
1221 1.65527 1.16957
1222 1.656 1.17082
1223 1.65781 1.17362
1224 1.66339 1.17774
1225 1.66318 1.17814
1226 1.6618 1.17748
1227 1.66308 1.17782
1228 1.66262 1.17762
1229 1.67105 1.18393
1230 1.67295 1.18629
1231 1.67584 1.18932
1232 1.67606 1.19016
1233 1.68561 1.19897
1234 1.70004 1.21083
1235 1.70323 1.21376
1236 1.70385 1.21396
1237 1.7036 1.21334
1238 1.69653 1.20652
1239 1.68501 1.19677
1240 1.68366 1.19513
1241 1.69228 1.20216
1242 1.6954 1.20486
1243 1.69648 1.20612
1244 1.69683 1.20621
1245 1.69528 1.20553
1246 1.6949 1.20586
1247 1.69849 1.2085
1248 1.69608 1.20563
1249 1.69662 1.20686
1250 1.70358 1.21222
1251 1.7082 1.21598
1252 1.70873 1.21657
1253 1.70337 1.21325
1254 1.70207 1.21107
1255 1.70074 1.21032
1256 1.6994 1.20933
1257 1.70638 1.21468
1258 1.70749 1.21601
1259 1.70507 1.21442
1260 1.69759 1.20908
1261 1.69902 1.20869
1262 1.69728 1.20789
1263 1.69576 1.20756
1264 1.69738 1.20683
1265 1.69533 1.20515
1266 1.69291 1.20381
1267 1.6871 1.20098
1268 1.68353 1.19756
1269 1.68267 1.19605
1270 1.68396 1.19721
1271 1.67528 1.18989
1272 1.67042 1.18618
1273 1.66029 1.1776
1274 1.64767 1.16723
1275 1.64283 1.16265
1276 1.6443 1.16394
1277 1.64377 1.16287
1278 1.6286 1.15032
1279 1.61479 1.13982
1280 1.61059 1.13571
1281 1.60987 1.13376
1282 1.60077 1.12749
1283 1.59439 1.12066
1284 1.58055 1.11061
1285 1.57234 1.10347
1286 1.56381 1.09567
1287 1.54665 1.08217
1288 1.53273 1.06988
1289 1.51898 1.0585
1290 1.50861 1.05045
1291 1.50215 1.04503
1292 1.49615 1.03947
1293 1.49248 1.03613
1294 1.48517 1.03081
1295 1.48384 1.0291
1296 1.47858 1.02464
1297 1.47496 1.02202
1298 1.47022 1.01706
1299 1.46328 1.01128
1300 1.45718 1.0059
1301 1.44753 0.997755
1302 1.43408 0.987062
1303 1.4257 0.980002
1304 1.41501 0.970837
1305 1.40155 0.959869
1306 1.38902 0.950116
1307 1.38346 0.944809
1308 1.37705 0.940144
1309 1.37391 0.937808
1310 1.36704 0.931966
1311 1.36013 0.925414
1312 1.35493 0.92191
1313 1.35136 0.919996
1314 1.35 0.919621
1315 1.34534 0.915889
1316 1.34178 0.913183
1317 1.33585 0.908935
1318 1.33284 0.905219
1319 1.32573 0.898955
1320 1.31703 0.892492
1321 1.311 0.887153
1322 1.30526 0.882917
1323 1.30474 0.882649
1324 1.30447 0.881251
1325 1.2963 0.875422
1326 1.28864 0.870185
1327 1.284 0.866544
1328 1.28644 0.869079
1329 1.29067 0.872223
1330 1.28792 0.871002
1331 1.30143 0.881984
1332 1.31612 0.894557
1333 1.32926 0.906637
1334 1.34464 0.918867
1335 1.35811 0.930389
1336 1.37364 0.943284
1337 1.38475 0.954148
1338 1.39566 0.963499
1339 1.40545 0.972007
1340 1.41783 0.982947
1341 1.44331 1.00597
1342 1.47355 1.03292
1343 1.5135 1.07008
1344 1.58463 1.13113
1345 1.66668 1.19819
1346 1.72612 1.24649
1347 1.76824 1.2812
1348 1.79956 1.30539
1349 1.81629 1.31827
1350 1.83769 1.33534
1351 1.84627 1.34257
1352 1.85045 1.34568
1353 1.85388 1.34891
1354 1.85305 1.34806
1355 1.84762 1.34361
1356 1.84086 1.33982
1357 1.84533 1.34214
1358 1.85111 1.34597
1359 1.85006 1.34617
1360 1.84244 1.34008
1361 1.84406 1.34104
1362 1.84218 1.33841
1363 1.83032 1.32845
1364 1.82328 1.322
1365 1.82183 1.3208
1366 1.81776 1.31776
1367 1.81062 1.31274
1368 1.81645 1.31638
1369 1.81756 1.31646
1370 1.81301 1.31503
1371 1.82272 1.32183
1372 1.83061 1.32811
1373 1.82765 1.3245
1374 1.82111 1.32008
1375 1.82213 1.32077
1376 1.82535 1.32259
1377 1.81849 1.317
1378 1.81685 1.31629
1379 1.81898 1.31841
1380 1.82879 1.32541
1381 1.83236 1.32795
1382 1.83274 1.32864
1383 1.84056 1.33541
1384 1.84668 1.34201
1385 1.85826 1.34954
1386 1.86007 1.35113
1387 1.86488 1.35596
1388 1.87124 1.3608
1389 1.86413 1.35395
1390 1.85983 1.35074
1391 1.86446 1.35497
1392 1.8672 1.35771
1393 1.87432 1.36212
1394 1.87658 1.36469
1395 1.87957 1.36721
1396 1.88254 1.36913
1397 1.88013 1.36698
1398 1.8912 1.37601
1399 1.90068 1.3828
1400 1.90899 1.38903
1401 1.90964 1.38969
1402 1.9099 1.39019
1403 1.91481 1.39393
1404 1.91714 1.39638
1405 1.92104 1.39778
1406 1.91638 1.39482
1407 1.91619 1.39461
1408 1.92054 1.39788
1409 1.92308 1.39974
1410 1.92327 1.40002
1411 1.92911 1.40423
1412 1.93174 1.40599
1413 1.92931 1.40453
1414 1.9394 1.4126
1415 1.9461 1.41711
1416 1.94454 1.41765
1417 1.95045 1.4214
1418 1.96156 1.42996
1419 1.96319 1.43158
1420 1.96562 1.43333
1421 1.9688 1.43528
1422 1.97125 1.43706
1423 1.96921 1.43563
1424 1.96642 1.43312
1425 1.96613 1.43307
1426 1.96408 1.43098
1427 1.9636 1.43033
1428 1.96673 1.43261
1429 1.97122 1.43639
1430 1.96991 1.4342
1431 1.96521 1.43057
1432 1.9669 1.43169
1433 1.97264 1.43682
1434 1.97557 1.43917
1435 1.98238 1.44374
1436 1.98662 1.44717
1437 1.98944 1.44879
1438 1.9848 1.44586
1439 1.98104 1.44242
1440 1.98354 1.44398
1441 1.98407 1.44455
1442 1.98457 1.4448
1443 1.98942 1.4484
1444 1.99031 1.44948
1445 1.99796 1.45558
1446 1.99862 1.45624
1447 1.99357 1.45203
1448 1.99166 1.45017
1449 1.98865 1.44807
1450 1.99597 1.45342
1451 1.99688 1.45283
1452 1.99791 1.45297
1453 1.9914 1.44845
1454 1.98441 1.44315
1455 1.98044 1.43899
1456 1.97499 1.43509
1457 1.97553 1.43616
1458 1.97503 1.4348
1459 1.97065 1.43087
1460 1.96351 1.42559
1461 1.962 1.42514
1462 1.96596 1.42671
1463 1.96092 1.42408
1464 1.9656 1.42697
1465 1.9657 1.42641
1466 1.95895 1.42187
1467 1.95298 1.41661
1468 1.94838 1.41288
1469 1.94334 1.40908
1470 1.93825 1.40583
1471 1.9361 1.4042
1472 1.93603 1.40381
1473 1.93361 1.4017
1474 1.93055 1.39887
1475 1.92493 1.39439
1476 1.92459 1.39325
1477 1.92475 1.3937
1478 1.92509 1.39496
1479 1.92518 1.39474
1480 1.92188 1.39232
1481 1.91667 1.3879
1482 1.9144 1.38623
1483 1.91021 1.38338
1484 1.91051 1.38278
1485 1.90664 1.38042
1486 1.90599 1.38003
1487 1.90581 1.37997
1488 1.90725 1.38178
1489 1.91085 1.38398
1490 1.90938 1.38325
1491 1.91346 1.38689
1492 1.91526 1.38872
1493 1.91651 1.38919
1494 1.91487 1.3883
1495 1.91303 1.3872
1496 1.91359 1.38649
1497 1.90979 1.38466
1498 1.90605 1.38157
1499 1.90562 1.3809
1500 1.90432 1.38008
1501 1.90162 1.37715
1502 1.89661 1.37349
1503 1.89649 1.37332
1504 1.89311 1.37136
1505 1.89737 1.37407
1506 1.8981 1.37548
1507 1.89741 1.37494
1508 1.89512 1.37261
1509 1.89131 1.37048
1510 1.89394 1.37205
1511 1.89452 1.37295
1512 1.89577 1.3729
1513 1.88926 1.36734
1514 1.88055 1.36148
1515 1.87881 1.3593
1516 1.87566 1.35738
1517 1.87901 1.35964
1518 1.87926 1.36024
1519 1.87451 1.3562
1520 1.8709 1.35283
1521 1.86589 1.34876
1522 1.85993 1.34455
1523 1.86198 1.34678
1524 1.86413 1.34776
1525 1.86087 1.34511
1526 1.86638 1.35117
1527 1.87488 1.35795
1528 1.87719 1.35976
1529 1.8789 1.36125
1530 1.88244 1.36342
1531 1.88207 1.36339
1532 1.8856 1.36562
1533 1.88591 1.36673
1534 1.89529 1.37511
1535 1.90051 1.37895
1536 1.90109 1.38036
1537 1.91241 1.39003
1538 1.91933 1.39613
1539 1.93034 1.40513
1540 1.94085 1.41383
1541 1.95118 1.42364
1542 1.97614 1.44415
1543 2.0015 1.46466
1544 2.01938 1.47822
1545 2.02898 1.48572
1546 2.03506 1.4897
1547 2.0361 1.49158
1548 2.03529 1.49148
1549 2.03789 1.49407
1550 2.04868 1.50202
1551 2.05459 1.50746
1552 2.05723 1.5094
1553 2.05789 1.51029
1554 2.06231 1.51377
1555 2.06896 1.51856
1556 2.07302 1.52255
1557 2.07653 1.52586
1558 2.08067 1.52933
1559 2.08788 1.53506
1560 2.09485 1.5403
1561 2.09551 1.54176
1562 2.10233 1.54588
1563 2.10163 1.54615
1564 2.10066 1.54672
1565 2.10327 1.54727
1566 2.09859 1.54549
1567 2.1102 1.55487
1568 2.1171 1.56076
1569 2.11797 1.5609
1570 2.12162 1.56435
1571 2.12593 1.56848
1572 2.1306 1.57243
1573 2.14088 1.58127
1574 2.15126 1.58942
1575 2.14895 1.58955
1576 2.15535 1.59397
1577 2.1616 1.59909
1578 2.17051 1.60602
1579 2.1728 1.60805
1580 2.17641 1.61253
1581 2.18248 1.61659
1582 2.18365 1.61866
1583 2.18862 1.62351
1584 2.19591 1.6293
1585 2.2069 1.63807
1586 2.21227 1.64331
1587 2.22239 1.65117
1588 2.23184 1.6589
1589 2.242 1.66749
1590 2.24853 1.67271
1591 2.24851 1.67352
1592 2.24836 1.67274
1593 2.25346 1.67777
1594 2.26336 1.6853
1595 2.26501 1.68767
1596 2.26915 1.69004
1597 2.27318 1.69344
1598 2.28066 1.6997
1599 2.28522 1.70257
1600 2.28594 1.70486
1601 2.29171 1.70883
1602 2.29694 1.71415
1603 2.30796 1.72236
1604 2.30895 1.72382
1605 2.3153 1.72808
1606 2.31683 1.72932
1607 2.32336 1.73436
1608 2.324 1.73483
1609 2.32908 1.73851
1610 2.3326 1.74215
1611 2.33906 1.74713
1612 2.34486 1.75236
1613 2.34925 1.75492
1614 2.34421 1.75248
1615 2.3456 1.75376
1616 2.35027 1.75681
1617 2.34702 1.75414
1618 2.34832 1.75534
1619 2.35749 1.76303
1620 2.36118 1.7663
1621 2.36236 1.76755
1622 2.36995 1.77326
1623 2.37104 1.77499
1624 2.37338 1.77681
1625 2.37263 1.77656
1626 2.37535 1.77929
1627 2.37822 1.78206
1628 2.38316 1.78679
1629 2.39043 1.79201
1630 2.39142 1.79267
1631 2.39589 1.79665
1632 2.39616 1.79624
1633 2.39253 1.79301
1634 2.39076 1.79255
1635 2.39787 1.79805
1636 2.39997 1.7985
1637 2.39841 1.79836
1638 2.4 1.79888
1639 2.40057 1.79964
1640 2.39741 1.79763
1641 2.40082 1.79988
1642 2.40183 1.80091
1643 2.40505 1.8028
1644 2.40033 1.7997
1645 2.40017 1.79848
1646 2.39798 1.79809
1647 2.40169 1.80062
1648 2.40224 1.80135
1649 2.40374 1.80189
1650 2.40232 1.8011
1651 2.40096 1.79964
1652 2.39722 1.79675
1653 2.39696 1.79585
1654 2.39218 1.79337
1655 2.39959 1.7984
1656 2.40219 1.80077
1657 2.40278 1.80121
1658 2.39958 1.79796
1659 2.39359 1.79358
1660 2.39456 1.79437
1661 2.39429 1.79449
1662 2.39134 1.79171
1663 2.38606 1.78771
1664 2.38287 1.78551
1665 2.38037 1.78399
1666 2.38125 1.78437
1667 2.37627 1.7808
1668 2.37521 1.77979
1669 2.37185 1.77669
1670 2.3699 1.77611
1671 2.37265 1.77709
1672 2.36908 1.77482
1673 2.36299 1.76964
1674 2.35919 1.76549
1675 2.35692 1.76482
1676 2.35737 1.76597
1677 2.36237 1.76887
1678 2.36268 1.76914
1679 2.35956 1.76719
1680 2.36143 1.76833
1681 2.36364 1.76969
1682 2.36276 1.7708
1683 2.36955 1.77477
1684 2.3686 1.77339
1685 2.36335 1.76985
1686 2.36235 1.76889
1687 2.36023 1.76722
1688 2.35875 1.76642
1689 2.35974 1.76618
1690 2.35543 1.76317
1691 2.35153 1.75954
1692 2.34902 1.75798
1693 2.3512 1.75923
1694 2.34744 1.75642
1695 2.34321 1.75332
1696 2.3433 1.75321
1697 2.34482 1.75402
1698 2.34883 1.75764
1699 2.34929 1.75751
1700 2.34841 1.75653
1701 2.34598 1.7545
1702 2.34506 1.75323
1703 2.34645 1.75394
1704 2.34758 1.755
1705 2.3476 1.75458
1706 2.34397 1.75195
1707 2.3438 1.7515
1708 2.33895 1.74772
1709 2.33985 1.7482
1710 2.33983 1.74776
1711 2.3386 1.74774
1712 2.34454 1.75127
1713 2.33687 1.7461
1714 2.33647 1.74545
1715 2.33372 1.74269
1716 2.32789 1.73828
1717 2.32316 1.7353
1718 2.32434 1.73567
1719 2.32003 1.73345
1720 2.31754 1.73078
1721 2.31172 1.72617
1722 2.3122 1.72731
1723 2.31924 1.73377
1724 2.32602 1.73885
1725 2.33047 1.74197
1726 2.33295 1.74434
1727 2.33579 1.74669
1728 2.33845 1.74811
1729 2.33736 1.74827
1730 2.34317 1.75198
1731 2.34118 1.75093
1732 2.343 1.75234
1733 2.34693 1.75558
1734 2.34879 1.75746
1735 2.35237 1.76123
1736 2.36221 1.76887
1737 2.36517 1.7714
1738 2.37229 1.77723
1739 2.38017 1.78392
1740 2.39118 1.79332
1741 2.40757 1.80781
1742 2.43204 1.82878
1743 2.46645 1.85553
1744 2.4996 1.88125
1745 2.51983 1.89598
1746 2.52546 1.90001
1747 2.52918 1.90244
1748 2.53423 1.90688
1749 2.54294 1.91409
1750 2.54424 1.91471
1751 2.54455 1.91487
1752 2.54133 1.91237
1753 2.53548 1.90793
1754 2.53745 1.90938
1755 2.54318 1.91421
1756 2.54641 1.91718
1757 2.5467 1.91678
1758 2.55224 1.9209
1759 2.55505 1.92239
1760 2.54883 1.91852
1761 2.54616 1.91683
1762 2.54493 1.91542
1763 2.54368 1.91462
1764 2.54529 1.91483
1765 2.54213 1.91271
1766 2.54223 1.91205
1767 2.54149 1.9117
1768 2.54122 1.91131
1769 2.54646 1.91624
1770 2.5523 1.92087
1771 2.55627 1.92422
1772 2.55609 1.92417
1773 2.56116 1.92859
1774 2.56596 1.93188
1775 2.56898 1.93523
1776 2.57505 1.93881
1777 2.57623 1.93929
1778 2.57262 1.93649
1779 2.57778 1.9413
1780 2.58732 1.94865
1781 2.591 1.95188
1782 2.59392 1.9536
1783 2.59518 1.95431
1784 2.58711 1.94841
1785 2.58357 1.94519
1786 2.58324 1.94456
1787 2.58665 1.94678
1788 2.5896 1.94997
1789 2.59277 1.95304
1790 2.60164 1.95929
1791 2.60765 1.96443
1792 2.61658 1.97141
1793 2.62039 1.97448
1794 2.62425 1.97655
1795 2.6252 1.97709
1796 2.62679 1.97853
1797 2.63469 1.98437
1798 2.63571 1.98613
1799 2.63863 1.98791
1800 2.63404 1.98442
1801 2.63324 1.98387
1802 2.63493 1.98584
1803 2.63661 1.98724
1804 2.63347 1.98498
1805 2.63549 1.98707
1806 2.63181 1.98409
1807 2.62836 1.98133
1808 2.62867 1.98185
1809 2.63103 1.98463
1810 2.63819 1.99022
1811 2.64337 1.995
1812 2.6491 1.99918
1813 2.6538 2.00348
1814 2.66548 2.01269
1815 2.67112 2.01619
1816 2.67202 2.01654
1817 2.67472 2.01955
1818 2.685 2.02662
1819 2.68489 2.02643
1820 2.68743 2.02772
1821 2.68753 2.02895
1822 2.69065 2.03046
1823 2.68879 2.02928
1824 2.69384 2.03326
1825 2.70055 2.03763
1826 2.70063 2.03801
1827 2.70119 2.03751
1828 2.69533 2.03266
1829 2.69538 2.03381
1830 2.69992 2.03748
1831 2.70306 2.03937
1832 2.70347 2.03937
1833 2.70035 2.03747
1834 2.69596 2.03555
1835 2.70185 2.03899
1836 2.70323 2.04024
1837 2.70408 2.04073
1838 2.70416 2.04117
1839 2.70469 2.04075
1840 2.70066 2.03756
1841 2.69792 2.03563
1842 2.6967 2.03388
1843 2.69528 2.03338
1844 2.69475 2.03281
1845 2.69224 2.03038
1846 2.69104 2.02974
1847 2.68447 2.02463
1848 2.67859 2.02026
1849 2.67283 2.01556
1850 2.67298 2.01505
1851 2.67623 2.0173
1852 2.67837 2.01896
1853 2.68245 2.02205
1854 2.68316 2.02189
1855 2.67813 2.01861
1856 2.67663 2.01679
1857 2.67898 2.01869
1858 2.67542 2.01555
1859 2.67121 2.01302
1860 2.66848 2.01109
1861 2.66985 2.01182
1862 2.66852 2.01116
1863 2.66377 2.00784
1864 2.66318 2.00731
1865 2.65904 2.00476
1866 2.66203 2.00667
1867 2.66064 2.00509
1868 2.65618 2.00264
1869 2.65398 2.00045
1870 2.65439 2.00044
1871 2.65204 1.99896
1872 2.65273 1.99915
1873 2.65057 1.99723
1874 2.64588 1.99351
1875 2.64298 1.99053
1876 2.63605 1.98578
1877 2.63347 1.98428
1878 2.62997 1.98211
1879 2.62827 1.9799
1880 2.62414 1.97708
1881 2.62152 1.97517
1882 2.61881 1.97324
1883 2.61919 1.97317
1884 2.61747 1.9724
1885 2.61728 1.97224
1886 2.61547 1.97116
1887 2.61484 1.97088
1888 2.61654 1.97181
1889 2.61573 1.97071
1890 2.61637 1.97076
1891 2.61683 1.97113
1892 2.616 1.97095
1893 2.61161 1.96744
1894 2.60884 1.96563
1895 2.60842 1.96574
1896 2.60781 1.96569
1897 2.60808 1.96561
1898 2.60838 1.96537
1899 2.60572 1.96335
1900 2.60416 1.96241
1901 2.60586 1.9637
1902 2.60522 1.96275
1903 2.60302 1.96092
1904 2.6041 1.96147
1905 2.60049 1.95889
1906 2.59474 1.9545
1907 2.58786 1.94878
1908 2.58232 1.94433
1909 2.58063 1.94385
1910 2.57959 1.94284
1911 2.57995 1.94356
1912 2.58056 1.9432
1913 2.57399 1.93928
1914 2.57229 1.93735
1915 2.57039 1.93595
1916 2.5683 1.93431
1917 2.56607 1.93256
1918 2.56263 1.93034
1919 2.56081 1.92877
1920 2.55796 1.92604
1921 2.55304 1.92324
1922 2.55328 1.92273
1923 2.54682 1.91773
1924 2.54199 1.91451
1925 2.53842 1.91162
1926 2.5353 1.91022
1927 2.53784 1.91207
1928 2.54028 1.91424
1929 2.54199 1.91478
1930 2.54208 1.915
1931 2.54331 1.91679
1932 2.54703 1.92054
1933 2.55284 1.92571
1934 2.55404 1.92717
1935 2.55996 1.93156
1936 2.56953 1.9395
1937 2.57621 1.94469
1938 2.57691 1.94541
1939 2.57593 1.94455
1940 2.57372 1.94266
1941 2.57377 1.94373
1942 2.5815 1.95091
1943 2.59674 1.96435
1944 2.61977 1.98264
1945 2.64013 1.9992
1946 2.65888 2.01307
1947 2.6725 2.02329
1948 2.6818 2.03115
1949 2.68592 2.03441
1950 2.695 2.04095
1951 2.69993 2.04376
1952 2.70097 2.04515
1953 2.71036 2.05155
1954 2.70848 2.05097
1955 2.7088 2.05001
1956 2.70451 2.04684
1957 2.70434 2.04697
1958 2.70224 2.04519
1959 2.69767 2.04213
1960 2.70483 2.04604
1961 2.69865 2.04147
1962 2.69634 2.03978
1963 2.69604 2.03892
1964 2.69207 2.03555
1965 2.69004 2.03324
1966 2.68751 2.03058
1967 2.68413 2.02786
1968 2.68038 2.02447
1969 2.67131 2.01771
1970 2.66641 2.01395
1971 2.66403 2.01192
1972 2.65901 2.00829
1973 2.65435 2.00436
1974 2.64958 2.00007
1975 2.64577 1.99716
1976 2.64462 1.99532
1977 2.63747 1.99047
1978 2.63772 1.98992
1979 2.63675 1.98894
1980 2.63657 1.98916
1981 2.64029 1.99132
1982 2.63743 1.98832
1983 2.63098 1.98426
1984 2.6302 1.9836
1985 2.62746 1.9806
1986 2.6248 1.97847
1987 2.62473 1.97812
1988 2.62343 1.97672
1989 2.62126 1.97494
1990 2.62108 1.97507
1991 2.62225 1.97575
1992 2.6188 1.97279
1993 2.61678 1.97094
1994 2.61482 1.96996
1995 2.62118 1.97445
1996 2.62594 1.97826
1997 2.62505 1.97735
1998 2.62139 1.97397
1999 2.62031 1.97267
2000 2.62096 1.97237
2001 2.61992 1.97126
2002 2.61698 1.96817
2003 2.61234 1.96451
2004 2.60524 1.95898
2005 2.60026 1.9549
2006 2.59879 1.95373
2007 2.59968 1.9534
2008 2.59773 1.95197
2009 2.59933 1.95296
2010 2.6015 1.95429
2011 2.59778 1.9516
2012 2.5957 1.94943
2013 2.59426 1.94814
2014 2.59315 1.9475
2015 2.59047 1.94529
2016 2.58374 1.94086
2017 2.58293 1.93964
2018 2.58437 1.94023
2019 2.58846 1.94284
2020 2.59003 1.94406
2021 2.5903 1.94362
2022 2.58788 1.94083
2023 2.58317 1.93702
2024 2.58323 1.93687
2025 2.58411 1.93712
2026 2.58517 1.93796
2027 2.58466 1.9374
2028 2.58216 1.9358
2029 2.58281 1.93641
2030 2.57963 1.93388
2031 2.57256 1.92897
2032 2.57133 1.9282
2033 2.57531 1.93112
2034 2.57271 1.92918
2035 2.57297 1.92924
2036 2.56912 1.92638
2037 2.56873 1.92513
2038 2.57095 1.92663
2039 2.56711 1.92396
2040 2.56695 1.92332
2041 2.56627 1.92315
2042 2.56686 1.92254
2043 2.56433 1.92056
2044 2.55999 1.91732
2045 2.56088 1.91792
2046 2.56194 1.91911
2047 2.5615 1.91827
2048 2.56192 1.91831
2049 2.56013 1.91693
2050 2.55906 1.9164
2051 2.56031 1.91744
2052 2.56186 1.91831
2053 2.56127 1.91787
2054 2.5638 1.91962
2055 2.5624 1.91825
2056 2.5575 1.91441
2057 2.55367 1.91162
2058 2.5503 1.9086
2059 2.54837 1.90711
2060 2.54845 1.90677
2061 2.54431 1.90372
2062 2.54123 1.90171
2063 2.54046 1.90109
2064 2.53609 1.89747
2065 2.5326 1.89468
2066 2.52925 1.89157
2067 2.52582 1.88945
2068 2.52729 1.89025
2069 2.52712 1.88962
2070 2.52364 1.88686
2071 2.5189 1.88322
2072 2.51765 1.88275
2073 2.51785 1.88222
2074 2.51561 1.88075
2075 2.5151 1.88063
2076 2.51598 1.88048
2077 2.51268 1.8783
2078 2.51114 1.877
2079 2.51068 1.8766
2080 2.50817 1.87445
2081 2.50376 1.87054
2082 2.49874 1.86672
2083 2.49578 1.86415
2084 2.4896 1.85968
2085 2.48513 1.85616
2086 2.48063 1.85231
2087 2.47405 1.84704
2088 2.46936 1.84263
2089 2.466 1.84077
2090 2.46262 1.83789
2091 2.4583 1.83455
2092 2.45495 1.83199
2093 2.45167 1.82907
2094 2.44815 1.82651
2095 2.44514 1.82433
2096 2.44222 1.82146
2097 2.43515 1.81678
2098 2.43151 1.81339
2099 2.42296 1.80708
2100 2.41708 1.80258
2101 2.41131 1.79861
2102 2.40591 1.79478
2103 2.40064 1.79058
2104 2.39527 1.78707
2105 2.39089 1.78357
2106 2.38453 1.77856
2107 2.37626 1.77251
2108 2.36814 1.76614
2109 2.36206 1.76181
2110 2.35787 1.75892
2111 2.35462 1.75662
2112 2.35328 1.75592
2113 2.35317 1.75631
2114 2.35065 1.75479
2115 2.34689 1.75203
2116 2.34309 1.7488
2117 2.33783 1.74465
2118 2.32956 1.73849
2119 2.32409 1.73455
2120 2.32012 1.73204
2121 2.31749 1.73098
2122 2.31781 1.7308
2123 2.31332 1.72702
2124 2.31076 1.72586
2125 2.31146 1.72636
2126 2.31198 1.72696
2127 2.31141 1.72675
2128 2.31119 1.7272
2129 2.31302 1.72906
2130 2.31157 1.72797
2131 2.31304 1.72948
2132 2.31685 1.73256
2133 2.32052 1.73483
2134 2.32374 1.73838
2135 2.32662 1.74109
2136 2.32886 1.74343
2137 2.33263 1.74607
2138 2.33224 1.74515
2139 2.32679 1.74161
2140 2.32578 1.74063
2141 2.32449 1.7406
2142 2.33012 1.74566
2143 2.33979 1.75396
2144 2.3551 1.76719
2145 2.37728 1.78411
2146 2.39537 1.79813
2147 2.40707 1.80653
2148 2.41375 1.81129
2149 2.41923 1.81518
2150 2.42583 1.81999
2151 2.42888 1.82255
2152 2.42867 1.82279
2153 2.42826 1.82196
2154 2.42636 1.82044
2155 2.42504 1.81944
2156 2.42588 1.81985
2157 2.42416 1.8185
2158 2.42282 1.81739
2159 2.42027 1.81563
2160 2.41714 1.81268
2161 2.41314 1.80941
2162 2.40971 1.80622
2163 2.40223 1.80049
2164 2.39636 1.79524
2165 2.39013 1.78986
2166 2.3864 1.78631
2167 2.38487 1.78486
2168 2.37972 1.78088
2169 2.37534 1.77747
2170 2.37348 1.77553
2171 2.36919 1.77237
2172 2.36843 1.77102
2173 2.36523 1.76866
2174 2.3628 1.76692
2175 2.35998 1.76426
2176 2.35805 1.76265
2177 2.35616 1.76061
2178 2.35238 1.7575
2179 2.35398 1.75754
2180 2.34662 1.7521
2181 2.34183 1.74813
2182 2.33533 1.74325
2183 2.33366 1.74178
2184 2.33144 1.7392
2185 2.32733 1.73616
2186 2.32621 1.73483
2187 2.32355 1.73255
2188 2.32258 1.73138
2189 2.31963 1.72936
2190 2.3178 1.72816
2191 2.31528 1.72572
2192 2.31204 1.72313
2193 2.30851 1.72036
2194 2.30796 1.71901
2195 2.30775 1.71906
2196 2.30799 1.71922
2197 2.30699 1.71837
2198 2.3059 1.71779
2199 2.30636 1.71771
2200 2.30245 1.71417
2201 2.30255 1.71373
2202 2.30262 1.71358
2203 2.30308 1.71384
2204 2.3041 1.71443
2205 2.30357 1.71404
2206 2.30222 1.71291
2207 2.30239 1.71284
2208 2.30233 1.71234
2209 2.30413 1.71327
2210 2.30362 1.71248
2211 2.30186 1.71107
2212 2.29908 1.70836
2213 2.29753 1.70743
2214 2.29812 1.70749
2215 2.29854 1.7079
2216 2.29942 1.70846
2217 2.29918 1.70814
2218 2.30019 1.70813
2219 2.30295 1.70984
2220 2.30165 1.70881
2221 2.30094 1.70807
2222 2.30275 1.70865
2223 2.30196 1.70827
2224 2.30144 1.70672
2225 2.30113 1.7064
2226 2.30164 1.70643
2227 2.30144 1.70634
2228 2.30176 1.70616
2229 2.30171 1.70622
2230 2.30006 1.70485
2231 2.30026 1.70499
2232 2.29833 1.70285
2233 2.29625 1.70072
2234 2.29581 1.70095
2235 2.29617 1.70098
2236 2.29539 1.70034
2237 2.29393 1.699
2238 2.2937 1.69867
2239 2.29695 1.70131
2240 2.29749 1.70166
2241 2.29843 1.70239
2242 2.29822 1.70219
2243 2.29836 1.70235
2244 2.29942 1.70287
2245 2.30002 1.70299
2246 2.30066 1.70303
2247 2.29994 1.70294
2248 2.3015 1.7036
2249 2.3008 1.70302
2250 2.30161 1.70306
2251 2.29985 1.70181
2252 2.3012 1.70268
2253 2.30092 1.7023
2254 2.29936 1.70092
2255 2.30013 1.70127
2256 2.29887 1.6999
2257 2.29699 1.69838
2258 2.29532 1.69705
2259 2.2936 1.69592
2260 2.29147 1.69388
2261 2.2886 1.69154
2262 2.28727 1.69015
2263 2.28643 1.6892
2264 2.28442 1.68792
2265 2.28265 1.68638
2266 2.28176 1.68567
2267 2.28078 1.68499
2268 2.28067 1.68472
2269 2.27797 1.683
2270 2.27707 1.68255
2271 2.2758 1.68162
2272 2.27277 1.67968
2273 2.273 1.67978
2274 2.27216 1.67902
2275 2.27041 1.67741
2276 2.26814 1.67555
2277 2.26797 1.67531
2278 2.26565 1.67395
2279 2.26608 1.6741
2280 2.26485 1.67292
2281 2.26349 1.67197
2282 2.26289 1.6714
2283 2.25965 1.66903
2284 2.25636 1.66702
2285 2.25525 1.66559
2286 2.25115 1.66277
2287 2.2493 1.66112
2288 2.24519 1.65817
2289 2.24238 1.65575
2290 2.24286 1.6558
2291 2.24058 1.65458
2292 2.23862 1.65337
2293 2.23658 1.6516
2294 2.23387 1.64953
2295 2.22973 1.64638
2296 2.22726 1.64411
2297 2.22439 1.64206
2298 2.22341 1.64126
2299 2.22105 1.63941
2300 2.21623 1.63598
2301 2.21354 1.63361
2302 2.20901 1.63025
2303 2.20586 1.62827
2304 2.20598 1.62809
2305 2.20283 1.62559
2306 2.19812 1.62202
2307 2.19474 1.61987
2308 2.19263 1.61835
2309 2.191 1.61721
2310 2.18757 1.61483
2311 2.18546 1.61351
2312 2.18605 1.61344
2313 2.18316 1.61139
2314 2.18217 1.61024
2315 2.18059 1.60933
2316 2.1778 1.60674
2317 2.17334 1.60347
2318 2.16916 1.59996
2319 2.1652 1.59686
2320 2.16362 1.59583
2321 2.16032 1.59341
2322 2.16089 1.59332
2323 2.15875 1.59131
2324 2.15521 1.58832
2325 2.15195 1.58587
2326 2.14988 1.5842
2327 2.14742 1.5824
2328 2.14775 1.58246
2329 2.14553 1.58136
2330 2.14563 1.58155
2331 2.1413 1.57833
2332 2.13898 1.57671
2333 2.13897 1.57648
2334 2.13522 1.57351
2335 2.1337 1.57234
2336 2.13302 1.57135
2337 2.12944 1.56869
2338 2.12295 1.56321
2339 2.1171 1.55872
2340 2.11036 1.55319
2341 2.10245 1.54757
2342 2.10008 1.54608
2343 2.09862 1.54501
2344 2.09861 1.54519
2345 2.10018 1.54687
2346 2.10293 1.5492
2347 2.10572 1.55057
2348 2.10583 1.55136
2349 2.10721 1.55187
2350 2.10686 1.55199
2351 2.10729 1.55195
2352 2.10613 1.55099
2353 2.10441 1.54915
2354 2.09999 1.54574
2355 2.09813 1.54462
2356 2.09735 1.54374
2357 2.09606 1.5424
2358 2.09417 1.54091
2359 2.09177 1.53891
2360 2.09066 1.53767
2361 2.08562 1.53389
2362 2.0807 1.53015
2363 2.07605 1.52652
2364 2.07268 1.52401
2365 2.0709 1.52235
2366 2.06677 1.52002
2367 2.06506 1.51838
2368 2.06176 1.51608
2369 2.0587 1.51325
2370 2.05605 1.51097
2371 2.0523 1.50803
2372 2.04829 1.50479
2373 2.04576 1.50251
2374 2.04265 1.50019
2375 2.04065 1.49871
2376 2.03933 1.49753
2377 2.03553 1.4949
2378 2.0338 1.49318
2379 2.03146 1.49141
2380 2.02932 1.48938
2381 2.02588 1.4865
2382 2.02319 1.48449
2383 2.02077 1.48237
2384 2.01823 1.47997
2385 2.01609 1.47782
2386 2.01297 1.47504
2387 2.01332 1.47455
2388 2.01179 1.47306
2389 2.00582 1.46873
2390 2.00284 1.46611
2391 2.0015 1.46504
2392 2.00035 1.46379
2393 1.99995 1.46308
2394 1.99777 1.46149
2395 1.99499 1.45958
2396 1.99439 1.45844
2397 1.9938 1.45793
2398 1.99236 1.4568
2399 1.98957 1.45466
2400 1.98976 1.4545
2401 1.99012 1.45481
2402 1.98775 1.45277
2403 1.98633 1.4517
2404 1.98526 1.45109
2405 1.98563 1.45115
2406 1.98437 1.45013
2407 1.98337 1.44933
2408 1.9851 1.4503
2409 1.98527 1.45093
2410 1.98401 1.44992
2411 1.98348 1.44936
2412 1.98161 1.44795
2413 1.98236 1.4482
2414 1.9816 1.44766
2415 1.9817 1.44773
2416 1.98157 1.4474
2417 1.98083 1.44693
2418 1.98225 1.44761
2419 1.98159 1.44692
2420 1.98123 1.44665
2421 1.98287 1.44769
2422 1.98283 1.44773
2423 1.98335 1.44816
2424 1.9821 1.4471
2425 1.98125 1.44606
2426 1.98234 1.44714
2427 1.98169 1.44662
2428 1.98232 1.44695
2429 1.98317 1.44749
2430 1.9844 1.4484
2431 1.98449 1.44861
2432 1.98456 1.44828
2433 1.98505 1.44841
2434 1.98395 1.44753
2435 1.98487 1.44774
2436 1.9855 1.44837
2437 1.98544 1.44825
2438 1.9863 1.44881
2439 1.98686 1.44892
2440 1.98688 1.44901
2441 1.98831 1.44981
2442 1.98904 1.45028
2443 1.98956 1.45055
2444 1.99133 1.45123
2445 1.9904 1.45092
2446 1.99029 1.4511
2447 1.99152 1.45178
2448 1.99269 1.45266
2449 1.99246 1.45249
2450 1.99219 1.45224
2451 1.99243 1.45231
2452 1.99218 1.45199
2453 1.9925 1.45229
2454 1.99122 1.45154
2455 1.99174 1.45181
2456 1.9909 1.45127
2457 1.99109 1.4515
2458 1.99171 1.45215
2459 1.99335 1.45306
2460 1.99249 1.45238
2461 1.99272 1.45222
2462 1.99221 1.45189
2463 1.99214 1.45161
2464 1.99009 1.45011
2465 1.98946 1.44948
2466 1.98942 1.44944
2467 1.98809 1.44859
2468 1.98903 1.4493
2469 1.98955 1.44939
2470 1.98826 1.44857
2471 1.98928 1.44903
2472 1.98855 1.44806
2473 1.98598 1.44614
2474 1.98454 1.4453
2475 1.98178 1.44341
2476 1.9804 1.44214
2477 1.97873 1.4411
2478 1.97848 1.44086
2479 1.97674 1.43954
2480 1.97595 1.43873
2481 1.97518 1.43796
2482 1.97462 1.43754
2483 1.97372 1.43658
2484 1.97197 1.43508
2485 1.96861 1.43266
2486 1.96731 1.43161
2487 1.96604 1.43067
2488 1.96406 1.42896
2489 1.9612 1.42667
2490 1.95833 1.42437
2491 1.95607 1.4229
2492 1.95511 1.42226
2493 1.95233 1.4204
2494 1.95013 1.41868
2495 1.95008 1.41873
2496 1.94975 1.41843
2497 1.94773 1.41677
2498 1.94491 1.4146
2499 1.94272 1.41302
2500 1.93959 1.41101
2501 1.93723 1.40943
2502 1.93531 1.40753
2503 1.93163 1.40478
2504 1.92801 1.40218
2505 1.92676 1.40092
2506 1.9238 1.39869
2507 1.9208 1.39651
2508 1.91841 1.39475
2509 1.91555 1.39246
2510 1.91248 1.3902
2511 1.91186 1.38939
2512 1.90851 1.38692
2513 1.90631 1.38484
2514 1.90335 1.3826
2515 1.89823 1.37892
2516 1.89567 1.37696
2517 1.89374 1.37576
2518 1.89209 1.37452
2519 1.89153 1.37387
2520 1.8885 1.37174
2521 1.88426 1.36872
2522 1.88242 1.36718
2523 1.88017 1.36566
2524 1.87841 1.3641
2525 1.87727 1.3631
2526 1.87551 1.36177
2527 1.8724 1.35949
2528 1.87088 1.35807
2529 1.86867 1.35633
2530 1.86609 1.35401
2531 1.86376 1.35174
2532 1.86094 1.34968
2533 1.85664 1.34632
2534 1.85426 1.34425
2535 1.84861 1.33997
2536 1.84228 1.3348
2537 1.83672 1.33024
2538 1.83084 1.32547
2539 1.8227 1.31865
2540 1.81452 1.31228
2541 1.80885 1.30783
2542 1.80411 1.30412
2543 1.80049 1.30137
2544 1.79787 1.29983
2545 1.79639 1.29878
2546 1.79717 1.29972
2547 1.79968 1.30167
2548 1.79987 1.30198
2549 1.80063 1.3023
2550 1.80004 1.30179
2551 1.80081 1.30197
2552 1.79963 1.30163
2553 1.79973 1.30153
2554 1.79849 1.30042
2555 1.79838 1.30036
2556 1.79795 1.30031
2557 1.79722 1.29986
2558 1.79631 1.29913
2559 1.79683 1.29915
2560 1.79633 1.29847
2561 1.79275 1.2957
2562 1.78996 1.29316
2563 1.78827 1.29202
2564 1.78785 1.29172
2565 1.7869 1.29099
2566 1.78575 1.29003
2567 1.78401 1.28868
2568 1.78077 1.28636
2569 1.77904 1.28497
2570 1.77788 1.28448
2571 1.77759 1.28408
2572 1.77704 1.28379
2573 1.77731 1.28398
2574 1.77818 1.28447
2575 1.77901 1.28518
2576 1.77888 1.28484
2577 1.77885 1.28467
2578 1.77869 1.2846
2579 1.77951 1.28513
2580 1.77789 1.28442
2581 1.7788 1.28519
2582 1.77966 1.28585
2583 1.78006 1.28611
2584 1.77894 1.28547
2585 1.77725 1.28401
2586 1.77725 1.284
2587 1.77678 1.28376
2588 1.77466 1.28228
2589 1.7748 1.2824
2590 1.77559 1.2834
2591 1.7765 1.28421
2592 1.77531 1.28378
2593 1.77748 1.28514
2594 1.77855 1.28634
2595 1.77969 1.28744
2596 1.78053 1.28828
2597 1.7801 1.28828
2598 1.78099 1.28879
2599 1.78133 1.28901
2600 1.78226 1.28966
2601 1.78465 1.29174
2602 1.78691 1.2935
2603 1.78848 1.29507
2604 1.79013 1.29655
2605 1.79202 1.29779
2606 1.79212 1.2979
2607 1.79301 1.29846
2608 1.79262 1.29858
2609 1.79426 1.29983
2610 1.79536 1.30069
2611 1.79568 1.30143
2612 1.79634 1.30172
2613 1.79805 1.303
2614 1.80016 1.30462
2615 1.80204 1.30629
2616 1.80312 1.30734
2617 1.80465 1.30855
2618 1.80455 1.3089
2619 1.80691 1.31057
2620 1.80785 1.31174
2621 1.80902 1.3126
2622 1.81175 1.31441
2623 1.81249 1.31518
2624 1.81431 1.31662
2625 1.81613 1.31823
2626 1.81876 1.3201
2627 1.81997 1.32108
2628 1.8216 1.3228
2629 1.82407 1.32472
2630 1.82574 1.32581
2631 1.82757 1.32739
2632 1.82914 1.32836
2633 1.83106 1.32993
2634 1.83271 1.33125
2635 1.83421 1.33246
2636 1.83589 1.33387
2637 1.83869 1.33647
2638 1.84197 1.33884
2639 1.84279 1.33953
2640 1.84433 1.34068
2641 1.8449 1.34138
2642 1.84775 1.34364
2643 1.84961 1.34492
2644 1.85129 1.34594
2645 1.85267 1.34731
2646 1.85519 1.34957
2647 1.85625 1.35027
2648 1.85702 1.35096
2649 1.85744 1.35123
2650 1.85898 1.35233
2651 1.86053 1.35365
2652 1.86239 1.35509
2653 1.86289 1.3553
2654 1.86242 1.35512
2655 1.86354 1.35582
2656 1.86512 1.35716
2657 1.86593 1.3576
2658 1.86775 1.35885
2659 1.87054 1.3608
2660 1.87086 1.36137
2661 1.87262 1.36228
2662 1.87137 1.36143
2663 1.87131 1.36123
2664 1.87138 1.36157
2665 1.87055 1.3611
2666 1.87014 1.36072
2667 1.86899 1.35996
2668 1.86887 1.35988
2669 1.86786 1.35928
2670 1.86759 1.35935
2671 1.86711 1.3588
2672 1.86591 1.35769
2673 1.86405 1.35628
2674 1.86354 1.35568
2675 1.86251 1.35479
2676 1.86155 1.35399
2677 1.86033 1.35309
2678 1.8578 1.35111
2679 1.85608 1.34975
2680 1.85558 1.34935
2681 1.85447 1.34861
2682 1.85384 1.34834
2683 1.85417 1.34849
2684 1.85177 1.34664
2685 1.84899 1.34453
2686 1.8463 1.34242
2687 1.84351 1.34033
2688 1.84101 1.33842
2689 1.83881 1.33672
2690 1.83632 1.33498
2691 1.83452 1.33345
2692 1.8322 1.33166
2693 1.82971 1.32977
2694 1.82643 1.3276
2695 1.8234 1.32528
2696 1.8202 1.32285
2697 1.81688 1.32049
2698 1.81335 1.3176
2699 1.81089 1.31575
2700 1.80799 1.31401
2701 1.80675 1.31319
2702 1.80474 1.31169
2703 1.8022 1.30991
2704 1.79955 1.30773
2705 1.79573 1.30541
2706 1.79439 1.30441
2707 1.79167 1.30239
2708 1.78884 1.30057
2709 1.78668 1.29869
2710 1.78412 1.29686
2711 1.78063 1.29461
2712 1.77849 1.2933
2713 1.77434 1.2903
2714 1.77196 1.28832
2715 1.77018 1.28702
2716 1.76785 1.28551
2717 1.76634 1.28427
2718 1.76379 1.2825
2719 1.76096 1.28038
2720 1.75722 1.27764
2721 1.75427 1.2751
2722 1.74984 1.27195
2723 1.74735 1.27013
2724 1.74544 1.26861
2725 1.74177 1.266
2726 1.74008 1.2643
2727 1.73691 1.26172
2728 1.73406 1.25943
2729 1.73207 1.25776
2730 1.7299 1.25581
2731 1.72676 1.25339
2732 1.72509 1.2518
2733 1.72192 1.24952
2734 1.71983 1.24747
2735 1.7137 1.24259
2736 1.70779 1.23773
2737 1.70037 1.2317
2738 1.69182 1.22475
2739 1.68337 1.21772
2740 1.67307 1.20962
2741 1.66454 1.20357
2742 1.65918 1.19933
2743 1.65472 1.19575
2744 1.65269 1.19492
2745 1.65512 1.19634
2746 1.65643 1.19711
2747 1.65729 1.19781
2748 1.65866 1.19896
2749 1.65894 1.19913
2750 1.6601 1.19969
2751 1.66069 1.20024
2752 1.66109 1.20068
2753 1.66128 1.20073
2754 1.66195 1.20114
2755 1.66156 1.20101
2756 1.66079 1.20052
2757 1.66016 1.20002
2758 1.65778 1.19834
2759 1.65677 1.19781
2760 1.65652 1.19771
2761 1.65542 1.19686
2762 1.65272 1.19497
2763 1.65164 1.19412
2764 1.64964 1.19261
2765 1.65028 1.19264
2766 1.65034 1.19261
2767 1.64868 1.1913
2768 1.64704 1.19004
2769 1.64516 1.18854
2770 1.64474 1.18836
2771 1.64462 1.18846
2772 1.64312 1.18706
2773 1.64223 1.18672
2774 1.64141 1.18602
2775 1.64142 1.18588
2776 1.64035 1.18516
2777 1.6394 1.18435
2778 1.63997 1.18473
2779 1.63894 1.18404
2780 1.63801 1.18348
2781 1.63721 1.18286
2782 1.6361 1.18215
2783 1.63636 1.18233
2784 1.63717 1.18314
2785 1.63844 1.18425
2786 1.63867 1.18444
2787 1.64006 1.18525
2788 1.64076 1.18591
2789 1.63966 1.185
2790 1.63998 1.18525
2791 1.64205 1.18714
2792 1.64244 1.18752
2793 1.64186 1.18714
2794 1.64179 1.18705
2795 1.643 1.18776
2796 1.64399 1.18857
2797 1.64581 1.19018
2798 1.64674 1.19115
2799 1.64766 1.19156
2800 1.64865 1.19227
2801 1.64924 1.19284
2802 1.65096 1.19396
2803 1.65341 1.19567
2804 1.65467 1.19683
2805 1.65778 1.19896
2806 1.65887 1.19996
2807 1.66075 1.20128
2808 1.6615 1.20187
2809 1.66222 1.2025
2810 1.66305 1.20331
2811 1.66447 1.20424
2812 1.66587 1.20536
2813 1.66647 1.20564
2814 1.66761 1.20671
2815 1.66998 1.2087
2816 1.6715 1.21008
2817 1.67342 1.2116
2818 1.67536 1.21296
2819 1.67621 1.21366
2820 1.67755 1.21461
2821 1.67914 1.21594
2822 1.67985 1.2164
2823 1.68166 1.21765
2824 1.68312 1.21884
2825 1.68384 1.21967
2826 1.68467 1.22045
2827 1.68679 1.22168
2828 1.68885 1.22334
2829 1.69073 1.22505
2830 1.69298 1.2266
2831 1.6934 1.22731
2832 1.69432 1.22764
2833 1.69664 1.22917
2834 1.69812 1.23026
2835 1.70085 1.23209
2836 1.70293 1.23365
2837 1.70585 1.23555
2838 1.70844 1.2374
2839 1.71139 1.23952
2840 1.71374 1.24134
2841 1.71594 1.24292
2842 1.71775 1.24462
2843 1.72071 1.24678
2844 1.72308 1.24852
2845 1.7244 1.2501
2846 1.72669 1.25171
2847 1.7286 1.25317
2848 1.73006 1.2544
2849 1.73133 1.25546
2850 1.73173 1.25584
2851 1.73327 1.25717
2852 1.73585 1.25883
2853 1.73663 1.25933
2854 1.73823 1.26074
2855 1.7397 1.26197
2856 1.74061 1.26262
2857 1.74134 1.26307
2858 1.74238 1.26389
2859 1.74286 1.26427
2860 1.74418 1.2652
2861 1.74363 1.26492
2862 1.74266 1.26448
2863 1.74346 1.26504
2864 1.74412 1.26554
2865 1.74319 1.26473
2866 1.74239 1.26423
2867 1.74225 1.26419
2868 1.74308 1.26471
2869 1.74295 1.26463
2870 1.7423 1.2641
2871 1.74277 1.26423
2872 1.74277 1.26432
2873 1.74268 1.2643
2874 1.74138 1.26349
2875 1.74028 1.26272
2876 1.73968 1.2624
2877 1.73879 1.26192
2878 1.73783 1.26131
2879 1.73697 1.26073
2880 1.73637 1.26039
2881 1.73531 1.25958
2882 1.73433 1.25908
2883 1.73296 1.25829
2884 1.73155 1.25714
2885 1.72945 1.25575
2886 1.72837 1.25497
2887 1.72869 1.25512
2888 1.72857 1.25489
2889 1.72806 1.25462
2890 1.72769 1.25402
2891 1.72569 1.25244
2892 1.723 1.25064
2893 1.72161 1.2496
2894 1.72122 1.24935
2895 1.7216 1.24961
2896 1.72009 1.24856
2897 1.71852 1.24744
2898 1.71827 1.2474
2899 1.7187 1.24746
2900 1.71789 1.24701
2901 1.7169 1.24619
2902 1.71442 1.24435
2903 1.71333 1.24377
2904 1.71206 1.24276
2905 1.71087 1.242
2906 1.70841 1.24022
2907 1.70675 1.23892
2908 1.70565 1.23827
2909 1.70474 1.23766
2910 1.70436 1.23732
2911 1.70268 1.23615
2912 1.69988 1.23414
2913 1.69882 1.23368
2914 1.69803 1.23312
2915 1.69661 1.23211
2916 1.69578 1.23168
2917 1.69613 1.23185
2918 1.69507 1.23145
2919 1.69424 1.23062
2920 1.69315 1.22976
2921 1.6925 1.22934
2922 1.69226 1.22914
2923 1.69242 1.22907
2924 1.69143 1.22865
2925 1.69054 1.22822
2926 1.69013 1.22773
2927 1.68994 1.2277
2928 1.6897 1.2279
2929 1.69089 1.22868
2930 1.69158 1.22942
2931 1.69359 1.23107
2932 1.69403 1.23162
2933 1.69439 1.23211
2934 1.69501 1.23268
2935 1.6952 1.2327
2936 1.6951 1.23234
2937 1.69461 1.23227
2938 1.69578 1.23304
2939 1.69572 1.2331
2940 1.69439 1.23224
2941 1.6946 1.23234
2942 1.69495 1.23288
2943 1.6985 1.23574
2944 1.70402 1.24047
2945 1.71262 1.247
2946 1.72062 1.25296
2947 1.72543 1.2566
2948 1.73002 1.25997
2949 1.73396 1.26302
2950 1.73626 1.26478
2951 1.73775 1.26562
2952 1.73722 1.26516
2953 1.73711 1.26491
2954 1.7365 1.26488
2955 1.7371 1.26502
2956 1.73734 1.26517
2957 1.73785 1.26539
2958 1.73784 1.26516
2959 1.73641 1.26374
2960 1.73573 1.26327
2961 1.73672 1.26413
2962 1.73672 1.26427
2963 1.73835 1.2651
2964 1.73815 1.26495
2965 1.73777 1.26468
2966 1.73728 1.26399
2967 1.73515 1.26234
2968 1.73417 1.26149
2969 1.73463 1.26166
2970 1.73513 1.262
2971 1.73522 1.26189
2972 1.73536 1.26167
2973 1.73518 1.26162
2974 1.73407 1.26093
2975 1.73466 1.2614
2976 1.73509 1.26121
2977 1.73533 1.2618
2978 1.73508 1.2614
2979 1.73511 1.26112
2980 1.73421 1.2603
2981 1.73356 1.25949
2982 1.73525 1.26063
2983 1.73479 1.26084
2984 1.73619 1.26173
2985 1.73589 1.26173
2986 1.7358 1.26156
2987 1.73728 1.26262
2988 1.73829 1.26353
2989 1.73892 1.26358
2990 1.73884 1.26353
2991 1.73912 1.26384
2992 1.73935 1.26404
2993 1.73966 1.26437
2994 1.74171 1.26545
2995 1.74118 1.26509
2996 1.74246 1.26573
2997 1.74462 1.26744
2998 1.74573 1.26808
2999 1.74628 1.26863
